vd0.000000hd-60.000000x-25.000000y50.000000x25.000000y50.000000x25.000000y-50.000000x-25.000000y-50.000000x-25.000000y50.000000x25.000000y50.000000x25.000000y-50.000000x-25.000000y-50.000000t115.000000t215.000000:-0.0462115,5.81071e-05,2.17437e-06,5.81071e-05,0.0127266,-4.62152e-05,2.17437e-06,-4.62152e-05,0.0334849,
vd0.000000hd60.000000x-25.000000y50.000000x25.000000y50.000000x25.000000y-50.000000x-25.000000y-50.000000x-25.000000y50.000000x25.000000y50.000000x25.000000y-50.000000x-25.000000y-50.000000t115.000000t215.000000:-0.0464658,3.96046e-06,4.85232e-05,3.96046e-06,0.0128481,-1.17418e-06,4.85232e-05,-1.17418e-06,0.0336177,
vd0.000000hd-120.000000x-25.000000y50.000000x25.000000y50.000000x25.000000y-50.000000x-25.000000y-50.000000x-25.000000y50.000000x25.000000y50.000000x25.000000y-50.000000x-25.000000y-50.000000t115.000000t215.000000:-0.00602942,5.1773e-07,2.85948e-09,5.1773e-07,0.00256032,1.71139e-07,2.85948e-09,1.71139e-07,0.0034691,
vd0.000000hd120.000000x-25.000000y50.000000x25.000000y50.000000x25.000000y-50.000000x-25.000000y-50.000000x-25.000000y50.000000x25.000000y50.000000x25.000000y-50.000000x-25.000000y-50.000000t115.000000t215.000000:-0.00601973,-1.09577e-06,-9.12818e-07,-1.09577e-06,0.00255624,-2.00384e-08,-9.12818e-07,-2.00384e-08,0.00346349,
vd0.000000hd-180.000000x-25.000000y50.000000x25.000000y50.000000x25.000000y-50.000000x-25.000000y-50.000000x-25.000000y50.000000x25.000000y50.000000x25.000000y-50.000000x-25.000000y-50.000000t115.000000t215.000000:-0.00190526,-1.58809e-07,-5.46413e-08,-1.58809e-07,0.000884233,2.30689e-08,-5.46413e-08,2.30689e-08,0.00102103,
vd0.000000hd180.000000x-25.000000y50.000000x25.000000y50.000000x25.000000y-50.000000x-25.000000y-50.000000x-25.000000y50.000000x25.000000y50.000000x25.000000y-50.000000x-25.000000y-50.000000t115.000000t215.000000:-0.00190446,1.23633e-07,-2.28982e-07,1.23633e-07,0.000883681,-1.21378e-09,-2.28982e-07,-1.21378e-09,0.00102078,
vd0.000000hd-240.000000x-25.000000y50.000000x25.000000y50.000000x25.000000y-50.000000x-25.000000y-50.000000x-25.000000y50.000000x25.000000y50.000000x25.000000y-50.000000x-25.000000y-50.000000t115.000000t215.000000:-0.000827725,-7.71356e-08,-4.70282e-08,-7.71356e-08,0.000396788,4.1485e-09,-4.70282e-08,4.1485e-09,0.000430937,
vd0.000000hd240.000000x-25.000000y50.000000x25.000000y50.000000x25.000000y-50.000000x-25.000000y-50.000000x-25.000000y50.000000x25.000000y50.000000x25.000000y-50.000000x-25.000000y-50.000000t115.000000t215.000000:-0.000827538,1.1246e-07,7.49914e-08,1.1246e-07,0.000396708,7.7978e-10,7.49914e-08,7.7978e-10,0.00043083,
vd0.000000hd-300.000000x-25.000000y50.000000x25.000000y50.000000x25.000000y-50.000000x-25.000000y-50.000000x-25.000000y50.000000x25.000000y50.000000x25.000000y-50.000000x-25.000000y-50.000000t115.000000t215.000000:-0.000429952,2.55358e-08,2.6678e-09,2.55358e-08,0.000209238,1.26267e-09,2.6678e-09,1.26267e-09,0.000220714,
vd0.000000hd300.000000x-25.000000y50.000000x25.000000y50.000000x25.000000y-50.000000x-25.000000y-50.000000x-25.000000y50.000000x25.000000y50.000000x25.000000y-50.000000x-25.000000y-50.000000t115.000000t215.000000:-0.000429969,5.65964e-08,1.22654e-09,5.65964e-08,0.000209237,-1.05279e-09,1.22654e-09,-1.05279e-09,0.000220731,
vd0.000000hd-60.000000x-25.000000y50.000000x25.000000y50.000000x25.000000y-50.000000x-25.000000y-50.000000x-25.000000y50.000000x25.000000y50.000000x25.000000y-50.000000x-25.000000y-50.000000t115.000000t215.000000:-0.0461243,5.50328e-05,5.6142e-06,5.50328e-05,0.0126955,-3.50033e-05,5.6142e-06,-3.50033e-05,0.0334288,
vd0.000000hd60.000000x-25.000000y50.000000x25.000000y50.000000x25.000000y-50.000000x-25.000000y-50.000000x-25.000000y50.000000x25.000000y50.000000x25.000000y-50.000000x-25.000000y-50.000000t115.000000t215.000000:-0.0460749,-3.90143e-05,-7.67168e-06,-3.90143e-05,0.01271,3.37047e-05,-7.67168e-06,3.37047e-05,0.0333648,
vd0.000000hd-120.000000x-25.000000y50.000000x25.000000y50.000000x25.000000y-50.000000x-25.000000y-50.000000x-25.000000y50.000000x25.000000y50.000000x25.000000y-50.000000x-25.000000y-50.000000t115.000000t215.000000:-0.00602478,1.97356e-06,-1.03788e-06,1.97356e-06,0.00255788,-1.26989e-07,-1.03788e-06,-1.26989e-07,0.0034669,
vd0.000000hd120.000000x-25.000000y50.000000x25.000000y50.000000x25.000000y-50.000000x-25.000000y-50.000000x-25.000000y50.000000x25.000000y50.000000x25.000000y-50.000000x-25.000000y-50.000000t115.000000t215.000000:-0.00602005,1.33921e-06,3.19997e-07,1.33921e-06,0.0025556,-2.83536e-07,3.19997e-07,-2.83536e-07,0.00346445,
vd0.000000hd-180.000000x-25.000000y50.000000x25.000000y50.000000x25.000000y-50.000000x-25.000000y-50.000000x-25.000000y50.000000x25.000000y50.000000x25.000000y-50.000000x-25.000000y-50.000000t115.000000t215.000000:-0.00190379,-2.704e-07,-2.05645e-07,-2.704e-07,0.000883476,-6.4174e-09,-2.05645e-07,-6.4174e-09,0.00102032,
vd0.000000hd180.000000x-25.000000y50.000000x25.000000y50.000000x25.000000y-50.000000x-25.000000y-50.000000x-25.000000y50.000000x25.000000y50.000000x25.000000y-50.000000x-25.000000y-50.000000t115.000000t215.000000:-0.00190403,-9.04554e-07,-2.36733e-07,-9.04554e-07,0.000883629,-1.16191e-08,-2.36733e-07,-1.16191e-08,0.0010204,
vd0.000000hd-240.000000x-25.000000y50.000000x25.000000y50.000000x25.000000y-50.000000x-25.000000y-50.000000x-25.000000y50.000000x25.000000y50.000000x25.000000y-50.000000x-25.000000y-50.000000t115.000000t215.000000:-0.000827877,-6.0522e-08,-3.62885e-08,-6.0522e-08,0.000396848,-5.62847e-09,-3.62885e-08,-5.62847e-09,0.000431029,
vd0.000000hd240.000000x-25.000000y50.000000x25.000000y50.000000x25.000000y-50.000000x-25.000000y-50.000000x-25.000000y50.000000x25.000000y50.000000x25.000000y-50.000000x-25.000000y-50.000000t115.000000t215.000000:-0.000827431,-2.79467e-07,6.54222e-09,-2.79467e-07,0.000396621,4.13571e-09,6.54222e-09,4.13571e-09,0.00043081,
vd0.000000hd-300.000000x-25.000000y50.000000x25.000000y50.000000x25.000000y-50.000000x-25.000000y-50.000000x-25.000000y50.000000x25.000000y50.000000x25.000000y-50.000000x-25.000000y-50.000000t115.000000t215.000000:-0.000429864,3.27607e-08,-2.10099e-08,3.27607e-08,0.000209184,-1.67786e-09,-2.10099e-08,-1.67786e-09,0.000220681,
vd0.000000hd300.000000x-25.000000y50.000000x25.000000y50.000000x25.000000y-50.000000x-25.000000y-50.000000x-25.000000y50.000000x25.000000y50.000000x25.000000y-50.000000x-25.000000y-50.000000t115.000000t215.000000:-0.000430013,4.77405e-08,9.74659e-09,4.77405e-08,0.000209262,-1.3823e-09,9.74659e-09,-1.3823e-09,0.000220751,
vd0.000000hd-60.000000x-25.000000y50.000000x25.000000y50.000000x25.000000y-50.000000x-25.000000y-50.000000x-25.000000y50.000000x25.000000y50.000000x25.000000y-50.000000x-25.000000y-50.000000t115.000000t215.000000:-0.0461415,0.000213047,2.89052e-05,0.000213047,0.012717,-1.1484e-05,2.89052e-05,-1.1484e-05,0.0334245,
vd0.000000hd60.000000x-25.000000y50.000000x25.000000y50.000000x25.000000y-50.000000x-25.000000y-50.000000x-25.000000y50.000000x25.000000y50.000000x25.000000y-50.000000x-25.000000y-50.000000t115.000000t215.000000:-0.0462226,-6.80003e-05,-1.65896e-05,-6.80003e-05,0.0127632,4.04681e-05,-1.65896e-05,4.04681e-05,0.0334594,
vd0.000000hd-120.000000x-25.000000y50.000000x25.000000y50.000000x25.000000y-50.000000x-25.000000y-50.000000x-25.000000y50.000000x25.000000y50.000000x25.000000y-50.000000x-25.000000y-50.000000t115.000000t215.000000:-0.00602525,-3.31655e-06,-1.22856e-06,-3.31655e-06,0.00255823,5.23949e-07,-1.22856e-06,5.23949e-07,0.00346702,
vd0.000000hd120.000000x-25.000000y50.000000x25.000000y50.000000x25.000000y-50.000000x-25.000000y-50.000000x-25.000000y50.000000x25.000000y50.000000x25.000000y-50.000000x-25.000000y-50.000000t115.000000t215.000000:-0.00602242,-3.07639e-08,3.23043e-07,-3.07639e-08,0.00255739,1.73515e-07,3.23043e-07,1.73515e-07,0.00346503,
vd0.000000hd-180.000000x-25.000000y50.000000x25.000000y50.000000x25.000000y-50.000000x-25.000000y-50.000000x-25.000000y50.000000x25.000000y50.000000x25.000000y-50.000000x-25.000000y-50.000000t115.000000t215.000000:-0.00190492,9.68647e-08,1.09127e-08,9.68647e-08,0.00088404,2.25443e-08,1.09127e-08,2.25443e-08,0.00102088,
vd0.000000hd180.000000x-25.000000y50.000000x25.000000y50.000000x25.000000y-50.000000x-25.000000y-50.000000x-25.000000y50.000000x25.000000y50.000000x25.000000y-50.000000x-25.000000y-50.000000t115.000000t215.000000:-0.00190516,-1.6209e-07,-5.31944e-08,-1.6209e-07,0.000884117,-1.14125e-08,-5.31944e-08,-1.14125e-08,0.00102105,
vd0.000000hd-240.000000x-25.000000y50.000000x25.000000y50.000000x25.000000y-50.000000x-25.000000y-50.000000x-25.000000y50.000000x25.000000y50.000000x25.000000y-50.000000x-25.000000y-50.000000t115.000000t215.000000:-0.000827665,-1.15746e-07,-8.46269e-09,-1.15746e-07,0.000396716,-1.05788e-08,-8.46269e-09,-1.05788e-08,0.000430949,
vd0.000000hd240.000000x-25.000000y50.000000x25.000000y50.000000x25.000000y-50.000000x-25.000000y-50.000000x-25.000000y50.000000x25.000000y50.000000x25.000000y-50.000000x-25.000000y-50.000000t115.000000t215.000000:-0.000827381,-2.62797e-07,-3.15112e-08,-2.62797e-07,0.000396575,-2.04615e-09,-3.15112e-08,-2.04615e-09,0.000430806,
vd0.000000hd-300.000000x-25.000000y50.000000x25.000000y50.000000x25.000000y-50.000000x-25.000000y-50.000000x-25.000000y50.000000x25.000000y50.000000x25.000000y-50.000000x-25.000000y-50.000000t115.000000t215.000000:-0.000429863,1.32677e-07,4.39044e-09,1.32677e-07,0.000209196,-1.34658e-09,4.39044e-09,-1.34658e-09,0.000220667,
vd0.000000hd300.000000x-25.000000y50.000000x25.000000y50.000000x25.000000y-50.000000x-25.000000y-50.000000x-25.000000y50.000000x25.000000y50.000000x25.000000y-50.000000x-25.000000y-50.000000t115.000000t215.000000:-0.000430064,1.00358e-07,-1.60656e-09,1.00358e-07,0.000209293,1.79839e-09,-1.60656e-09,1.79839e-09,0.000220771,
vd0.000000hd-60.000000x-25.000000y50.000000x25.000000y50.000000x25.000000y-50.000000x-25.000000y-50.000000x-25.000000y50.000000x25.000000y50.000000x25.000000y-50.000000x-25.000000y-50.000000t115.000000t215.000000:-0.0462004,1.64083e-05,-6.71678e-05,1.64083e-05,0.0127333,3.24439e-05,-6.71678e-05,3.24439e-05,0.0334671,
vd0.000000hd60.000000x-25.000000y50.000000x25.000000y50.000000x25.000000y-50.000000x-25.000000y-50.000000x-25.000000y50.000000x25.000000y50.000000x25.000000y-50.000000x-25.000000y-50.000000t115.000000t215.000000:-0.0462405,2.40592e-05,5.58642e-05,2.40592e-05,0.0127991,-1.24534e-05,5.58642e-05,-1.24534e-05,0.0334414,
vd0.000000hd-120.000000x-25.000000y50.000000x25.000000y50.000000x25.000000y-50.000000x-25.000000y-50.000000x-25.000000y50.000000x25.000000y50.000000x25.000000y-50.000000x-25.000000y-50.000000t115.000000t215.000000:-0.00602222,-1.7861e-07,1.27456e-06,-1.7861e-07,0.00255746,2.0831e-07,1.27456e-06,2.0831e-07,0.00346476,
vd0.000000hd120.000000x-25.000000y50.000000x25.000000y50.000000x25.000000y-50.000000x-25.000000y-50.000000x-25.000000y50.000000x25.000000y50.000000x25.000000y-50.000000x-25.000000y-50.000000t115.000000t215.000000:-0.00602425,-4.35507e-06,-9.29913e-07,-4.35507e-06,0.00255846,-1.20889e-07,-9.29913e-07,-1.20889e-07,0.00346579,
vd0.000000hd-180.000000x-25.000000y50.000000x25.000000y50.000000x25.000000y-50.000000x-25.000000y-50.000000x-25.000000y50.000000x25.000000y50.000000x25.000000y-50.000000x-25.000000y-50.000000t115.000000t215.000000:-0.00190648,7.59194e-08,-1.28712e-07,7.59194e-08,0.000885005,-3.34549e-08,-1.28712e-07,-3.34549e-08,0.00102148,
vd0.000000hd180.000000x-25.000000y50.000000x25.000000y50.000000x25.000000y-50.000000x-25.000000y-50.000000x-25.000000y50.000000x25.000000y50.000000x25.000000y-50.000000x-25.000000y-50.000000t115.000000t215.000000:-0.00190451,8.11298e-07,7.56171e-10,8.11298e-07,0.000883754,2.02333e-08,7.56171e-10,2.02333e-08,0.00102075,
vd0.000000hd-240.000000x-25.000000y50.000000x25.000000y50.000000x25.000000y-50.000000x-25.000000y-50.000000x-25.000000y50.000000x25.000000y50.000000x25.000000y-50.000000x-25.000000y-50.000000t115.000000t215.000000:-0.000827479,-2.64248e-07,-2.07853e-08,-2.64248e-07,0.000396613,-3.55256e-09,-2.07853e-08,-3.55256e-09,0.000430866,
vd0.000000hd240.000000x-25.000000y50.000000x25.000000y50.000000x25.000000y-50.000000x-25.000000y-50.000000x-25.000000y50.000000x25.000000y50.000000x25.000000y-50.000000x-25.000000y-50.000000t115.000000t215.000000:-0.000827863,-1.56417e-07,-5.51874e-08,-1.56417e-07,0.00039683,-4.02948e-09,-5.51874e-08,-4.02948e-09,0.000431033,
vd0.000000hd-300.000000x-25.000000y50.000000x25.000000y50.000000x25.000000y-50.000000x-25.000000y-50.000000x-25.000000y50.000000x25.000000y50.000000x25.000000y-50.000000x-25.000000y-50.000000t115.000000t215.000000:-0.000429775,-2.2039e-07,-2.22952e-08,-2.2039e-07,0.000209143,1.13999e-09,-2.22952e-08,1.13999e-09,0.000220632,
vd0.000000hd300.000000x-25.000000y50.000000x25.000000y50.000000x25.000000y-50.000000x-25.000000y-50.000000x-25.000000y50.000000x25.000000y50.000000x25.000000y-50.000000x-25.000000y-50.000000t115.000000t215.000000:-0.000429895,8.71348e-08,6.90566e-09,8.71348e-08,0.000209191,9.7246e-10,6.90566e-09,9.7246e-10,0.000220703,
vd0.000000hd-60.000000x-25.000000y50.000000x25.000000y50.000000x25.000000y-50.000000x-25.000000y-50.000000x-25.000000y50.000000x25.000000y50.000000x25.000000y-50.000000x-25.000000y-50.000000t115.000000t215.000000:-0.0463065,6.58413e-05,-3.27835e-05,6.58413e-05,0.0128112,-2.66932e-07,-3.27835e-05,-2.66932e-07,0.0334953,
vd0.000000hd60.000000x-25.000000y50.000000x25.000000y50.000000x25.000000y-50.000000x-25.000000y-50.000000x-25.000000y50.000000x25.000000y50.000000x25.000000y-50.000000x-25.000000y-50.000000t115.000000t215.000000:-0.0461191,3.23827e-05,5.86529e-06,3.23827e-05,0.0126586,1.11217e-05,5.86529e-06,1.11217e-05,0.0334605,
vd0.000000hd-120.000000x-25.000000y50.000000x25.000000y50.000000x25.000000y-50.000000x-25.000000y-50.000000x-25.000000y50.000000x25.000000y50.000000x25.000000y-50.000000x-25.000000y-50.000000t115.000000t215.000000:-0.00602326,3.15159e-06,1.10485e-06,3.15159e-06,0.00255676,2.25966e-07,1.10485e-06,2.25966e-07,0.0034665,
vd0.000000hd120.000000x-25.000000y50.000000x25.000000y50.000000x25.000000y-50.000000x-25.000000y-50.000000x-25.000000y50.000000x25.000000y50.000000x25.000000y-50.000000x-25.000000y-50.000000t115.000000t215.000000:-0.00601827,2.1929e-07,-3.217e-07,2.1929e-07,0.00255506,3.7882e-07,-3.217e-07,3.7882e-07,0.00346321,
vd0.000000hd-180.000000x-25.000000y50.000000x25.000000y50.000000x25.000000y-50.000000x-25.000000y-50.000000x-25.000000y50.000000x25.000000y50.000000x25.000000y-50.000000x-25.000000y-50.000000t115.000000t215.000000:-0.00190589,-2.18511e-07,-8.75541e-08,-2.18511e-07,0.000884499,2.29072e-08,-8.75541e-08,2.29072e-08,0.00102139,
vd0.000000hd180.000000x-25.000000y50.000000x25.000000y50.000000x25.000000y-50.000000x-25.000000y-50.000000x-25.000000y50.000000x25.000000y50.000000x25.000000y-50.000000x-25.000000y-50.000000t115.000000t215.000000:-0.00190489,-2.40293e-07,2.1584e-07,-2.40293e-07,0.000884156,1.48352e-08,2.1584e-07,1.48352e-08,0.00102074,
vd0.000000hd-240.000000x-25.000000y50.000000x25.000000y50.000000x25.000000y-50.000000x-25.000000y-50.000000x-25.000000y50.000000x25.000000y50.000000x25.000000y-50.000000x-25.000000y-50.000000t115.000000t215.000000:-0.000827866,3.15071e-08,-3.62505e-08,3.15071e-08,0.000396837,9.71552e-09,-3.62505e-08,9.71552e-09,0.000431029,
vd0.000000hd240.000000x-25.000000y50.000000x25.000000y50.000000x25.000000y-50.000000x-25.000000y-50.000000x-25.000000y50.000000x25.000000y50.000000x25.000000y-50.000000x-25.000000y-50.000000t115.000000t215.000000:-0.000827598,-1.36784e-07,-2.24984e-08,-1.36784e-07,0.000396693,6.22894e-09,-2.24984e-08,6.22894e-09,0.000430905,
vd0.000000hd-300.000000x-25.000000y50.000000x25.000000y50.000000x25.000000y-50.000000x-25.000000y-50.000000x-25.000000y50.000000x25.000000y50.000000x25.000000y-50.000000x-25.000000y-50.000000t115.000000t215.000000:-0.00042996,-1.51295e-07,-1.76597e-09,-1.51295e-07,0.000209243,-8.74439e-10,-1.76597e-09,-8.74439e-10,0.000220717,
vd0.000000hd300.000000x-25.000000y50.000000x25.000000y50.000000x25.000000y-50.000000x-25.000000y-50.000000x-25.000000y50.000000x25.000000y50.000000x25.000000y-50.000000x-25.000000y-50.000000t115.000000t215.000000:-0.000429958,-1.03542e-07,-1.53298e-08,-1.03542e-07,0.000209222,6.89901e-10,-1.53298e-08,6.89901e-10,0.000220736,
